90 90 90 90 90 90 90 90 
90 90 90 90 90 90 90 90
90 90 90 90 90 90 90 90 
90 90 90 90 90 90 90 90 
90 90 90 90 90 90 90 90 
90 90 90 90 90 90 90 90 
90 90 90 90 90 90 90 90
90 90 90 90 90 90 90 90
90 90 90 90 90 90 90 90
90 90 90 90 90 90 90 90 
90 90 90 90 90 90 90 90 
90 90 90 90 90 90 90 90 
90 90 90 90 90 90 90 90 
90 90 90 90 90 90 90 90
90 90 90 90 90 90 90 90
90 90 90 90 90 90 90 90 
90 90 90 90 90 90 90 90 
90 90 90 90 90 90 90 90 
90 90 90 90 90 90 90 90
90 90 90 90 90 90 90 90
90 90 90 90 90 90 90 90 
90 90 90 90 90 90 90 90 
90 90 90 90 90 90 90 90 
90 90 90 90 90 90 90 90 
90 90 90 90 90 90 90 90 
90 90 90 90 90 90 90 90 
90 90 90 90 90 90 90 90 
90 90 90 90 90 90 90 90 
90 90 90 90 90 90 90 90 
90 90 90 90 90 90 90 90 
90 90 90 90 90 90 90 90 
90 90 90 90 90 90 90 90 
90 90 90 90 90 90 90 90 
90 90 90 90 90 90 90 90 
90 90 90 90 90 90 90 90 
90 90 90 90 90 90 90 90 
90 90 90 90 90 90 90 90 
90 90 90 90 90 90 90 90 
90 90 90 90 90 90 90 90
90 90 90 90 90 90 90 90 
90 90 90 90 90 90 90 90 
90 90 90 90 90 90 90 90 
90 90 90 90 90 90 90 90 
90 90 90 90 90 90 90 90 
90 90 90 90 90 90 90 90 
90 90 90 90 90 90 90 90
90 90 90 90 90 90 90 90 
90 90 90 90 90 90 90 90 
90 90 90 90 90 90 90 90
90 90 90 90 90 90 90 90
90 90 90 90 90 90 90 90 
90 90 90 90 90 90 90 90
90 90 90 90 90 90 90 90 
90 90 90 90 90 90 90 90
90 90 90 90 90 90 90 90
90 90 90 90 90 90 90 90
90 90 90 90 90 90 90 90 
90 90 90 90 90 90 90 90
90 90 90 90 90 90 90 90 
90 90 90 90 90 90 90 90
90 90 90 90 90 90 90 90 
90 90 90 90 90 90 90 90
90 90 90 90 90 90 90 90 
90 90 90 90 90
8d 6c 24 28 b8 36 4b ff 
3d 68 3a 8e 04 08 c3
10 38 68 55 /* 只需要找到第一次ebp位置，题目表示ebp之间差距在240,一定会在nop上  */
